[1576839400000 ,150],
[1576925800000 ,160],
[1577012200000 ,140],
[1577098600000 ,120],
[1577185000000 ,140],
[1577271400000 ,170],
[1577357800000 ,160],
[1577444200000 ,150],
[1577530600000 ,110],
[1577617000000 ,130],

[1576839500000 ,95],
[1576925900000 ,96],
[1577012300000 ,94],
[1577098600000 ,100],
[1577185000000 ,140],
[1577271300000 ,89],
[1577357700000 ,90],
[1577444400000 ,150],
[1577530600000 ,110],
[1577616000000 ,130],

[1576839300000 ,1],
[1576925800000 ,2],
[1577012300000 ,3],
[1577098600000 ,-3],
[1577185000000 ,1],
[1577271400000 ,2],
[1577357900000 ,3],
[1577444300000 ,-1],
[1577530600000 ,-2],
[1577616000000 ,-3],
